"new_it001" "new_it002" "new_it003" "new_it004" "old_it003" "old_it006" "old_it010" "old_it011" "old_it018" "old_it025" "old_it026" "old_it032" "old_it037" "old_it040" "old_it046" "old_it047" "old_it049" "old_it055" "old_it057" "old_it062" "old_it066" "old_it067" "old_it069" "old_it071"
"e" 3.34644945390358 2.96834996846128 3.32033237239274 3.25584701784318 3.14974547511312 3.41123745323901 3.25647169737204 3.46420323325635 3.26360490720352 3.3669528701586 3.20659971305595 2.91395403561064 2.61881269528038 2.40841678286221 2.88326880303155 2.91502997725863 2.41630508339636 2.50516227061986 2.59846929251447 2.66988640228556 2.72827282728273 2.64375149533456 2.63230052097614 2.26688221030201
"di" 2.51903063288346 2.69377759637861 2.66576225199254 2.7760005687069 2.76442307692308 2.71121152635283 2.83615508504537 2.67350373820801 2.64234035860333 2.69956132128529 2.88378766140603 2.80414150129422 2.85314915309982 2.7717919465923 2.81324656067221 3.01495417269658 2.95768480554118 2.6064596563681 2.90461078962106 2.37398816407047 2.81628162816282 2.55602520137172 2.74981393709115 2.72246307590565
"che" 2.29470819696245 2.40065303699306 2.4995760556215 2.16464064832587 2.55585407239819 2.02229712211563 2.29013630828456 2.30164011429913 2.02500786410821 2.15964905702823 2.54304160688666 2.3217507255471 2.60647919750041 2.76756665399079 2.50844385863745 2.18110399007649 2.10182715656224 1.97919507538863 2.34086242299795 1.75158152506632 1.84085075174184 1.84623973203605 1.96247404912061 2.39547358365787
"a" 2.07406317802376 2.03703016585655 2.00101746650839 2.09355228549087 1.99377828054299 1.99266639505167 1.9523117413678 1.97283438368497 2.08792072978924 2.12590454051217 2.05882352941176 2.16879755274924 2.04324946554843 2.08729454514725 2.2283548892001 2.03983185169871 1.81123362923451 2.22464643316321 1.85178271420571 2.14951363852799 1.81518151815182 2.20512002552038 2.22100356457362 1.82967154089206
"la" 1.88651491192586 1.85892916774888 1.92301170086485 2.14331413947537 1.9018665158371 2.01488944034964 1.83053776957222 2.16072337260735 1.60821012897137 1.75471485883544 1.99067431850789 2.0354537610793 1.7225785232692 1.91405754848523 1.60227366339896 1.99503824684722 1.98240515903029 2.01425955507071 2.10192271793915 2.06788653833073 2.35423542354235 1.85820240848553 2.11524149007012 1.91784848262179
"non" 1.73206339866878 1.57693592074506 1.77378327963371 1.71322954432359 1.77106900452489 1.38523649024038 1.69305102722237 1.65185736094258 1.4941805599245 1.81095571969555 1.72166427546628 1.75700054906267 1.86235816477553 1.97321164490641 1.77938874701376 1.19219902143202 1.41316030412802 1.46491604005143 1.31790181071495 1.50329909529964 1.66850018335167 1.54318526198261 1.45716635982608 1.92519656109927
"un" 1.54451513257088 1.58806723312679 1.58724775309479 1.07343427880856 1.57664027149321 1.35190192229342 1.6184153670896 1.45613966414843 1.60034602076125 1.40977091222676 1.41319942611191 1.58835987136246 1.68968919585594 1.24646131744623 1.24804349616937 1.44717800289436 1.80327216273238 1.48439630654147 1.44857196191898 1.68015781239371 1.68683535020169 1.31190685062605 1.47675192917858 1.68270997134249
"il" 1.27974110984445 1.8552187302883 1.29896557571647 1.35778773014857 1.25848416289593 1.55931701174118 1.28844718544997 1.30739421458488 1.21893677256999 1.43976603801882 1.39526542324247 1.24323476351086 1.22512744614373 1.67321587019901 1.35101738199193 1.62635242230032 1.60423550017913 1.4532278801574 1.69497853276087 1.32644037820556 1.35680234690136 1.335832203525 1.46891770143758 1.43654934234698
"in" 1.05174125694112 1.39141404771623 0.983550958114295 1.12675055093481 0.947398190045249 1.15559835549465 0.997760930196017 1.28390809096959 1.25039320541051 1.12856660792621 1.10114777618364 1.25500039218762 1.11001480019734 1.29293953606287 1.06680945712167 1.20253600716698 1.03897137852792 1.33634628121713 1.06402837408998 1.25841779470784 1.26145947928126 1.25209346837866 1.07720631438756 1.08751561466676
"è" 1.06277350788806 1.27639048643835 1.07512294386976 1.05921660624156 1.03930995475113 0.903737175450943 1.06454020505166 1.16256311895722 1.28184963825102 1.41352030295077 1.03299856527977 1.29421915444349 1.22923861207038 1.10702666159632 1.14918856577972 1.01991592584936 1.09470164404283 1.00518175088635 1.1424304648124 1.19039521121012 1.21378804547121 1.03277773347157 1.15946570566806 1.28223969431994
"per" 1.04070900599419 1.0315016140403 1.08868916398169 1.13385938721831 1.10647624434389 1.22967517315456 1.15881682837726 0.978588483970721 0.975149418055992 1.19605564095834 1.36657101865136 0.866734645854577 1.00723565203092 1.1028013689948 0.955597660433314 1.12328578319895 1.11062457704709 0.977909377800288 1.17229792794475 0.982926331542072 0.836083608360836 0.992902145306643 1.19080261663207 1.0434271438019
"una" 1.03703158901188 0.797744054023969 0.895370527386807 0.9063766261463 0.936792986425339 0.896329493684951 0.966335389087481 0.900301405253063 0.99087763447625 0.93359829027783 0.885939741750359 0.886344026982508 1.04834731129748 0.692947986648075 0.832028997446248 0.975122320997864 1.17033557581306 0.958429111310243 0.82135523613963 1.22780763213387 1.17711771177118 1.14044182151687 0.893101962474049 1.03607906532442
"mi" 1.06645092487037 1.02037030165857 1.09547227403765 1.17295798677756 1.13122171945701 0.75187969924812 1.15881682837726 0.755470309625396 0.617332494495124 0.899853773761764 0.946915351506456 0.643187700996157 1.0565696431508 1.19998309882959 0.774363621385617 0.940665701881331 0.883722781736396 0.755834339813769 0.709352249393317 0.714237126726073 0.94976164283095 0.881250498444852 0.975361353754554 0.936880005878463
"le" 0.842128488949362 0.77548142926051 0.817364761743259 0.991682661548305 0.869626696832579 0.774102744546094 0.887771536316141 0.829843034407171 1.17175212330922 0.798620224213565 1.01506456241033 0.839281512275473 0.690675875678342 0.74787679046774 0.79907735398303 0.957894011439598 0.90362644799172 0.962325164608252 0.970692551801381 0.962519556492756 0.887422075540887 0.825424675013956 0.955775784402053 0.71276361231538
"i" 0.687676975692274 0.716114429891284 0.674919450568085 0.618468756664534 0.650452488687783 1.27412126375051 0.538162391483678 0.669354523035973 0.833595470273671 0.686138502493345 0.86441893830703 0.874578398305749 0.587896727511922 0.76477796087379 0.778482576818519 1.0095789401144 0.847896182476812 0.767522499707796 1.00429344782528 0.758451805999592 0.561056105610561 0.917138527793285 1.19471973050257 0.661327062973033
"si" 0.698709226639209 0.77548142926051 0.674919450568085 0.586478993388782 0.738829185520362 0.770398903663099 0.805279490906234 0.833757388343054 0.857187794904058 0.824865959281617 0.767575322812052 0.968703427719821 0.892123006084526 0.807030886888917 0.869099596342368 0.861415477913307 0.867799848732136 0.884404098648069 0.645883890237073 0.931909393918781 0.784745141180785 0.885238057261345 0.583649966704532 0.551105885810861
"con" 0.853160739896297 0.723535304812437 0.807190096659318 0.998791497831805 0.837811085972851 0.788918108078077 0.848489609930471 0.865072219830117 0.629128656810318 0.73488058190544 1.00789096126255 0.874578398305749 0.801677355698076 0.545062745595132 0.811434220281737 0.754599958652057 0.692647585685283 0.674017220555577 0.507746873249953 0.853683422896402 0.693069306930693 0.681872557620225 0.638489560891535 0.756852083180248
"ma" 0.812709153090869 0.756929241957627 0.766491436323554 0.714438046491789 0.774179864253394 0.603726063928294 0.840633224653337 0.685011938779504 0.754954388172381 0.802369614937573 0.889526542324247 0.811828378696368 0.789343857918106 0.756327375670765 0.753768844221106 0.640893115567501 0.76430078420445 0.849339618965987 0.634683591562442 0.717638255900959 0.711404473780711 0.70579791051918 0.736417407654041 0.800940554045117
"io" 0.669289890780716 0.593669993692256 0.651178565372223 0.472737612852776 0.908512443438914 0.325937997703619 0.903484306870409 0.696755000587153 0.672381251966027 0.80611900566158 0.441176470588235 0.376500117656287 0.694787041604999 0.616892719820848 0.935002883268803 0.644338777479154 0.744397117949126 0.740250126621732 0.780287474332649 0.670022447452554 0.718738540520719 0.606108940106867 0.567981511222531 0.668675141450511
"era" 0.621483470010665 0.612222180995139 0.491775479057148 0.746427809767541 0.473699095022624 0.551872291566354 0.612798051616451 0.626296629741261 0.672381251966027 0.839863522177646 0.749641319942611 0.678484587026433 0.612563723071863 0.735200912663202 0.646676002965648 0.620219144097581 0.712551251940607 0.646744847469513 0.433078215419078 0.792463097748452 0.737073707370737 0.797511763298509 0.517059030906028 0.738481886986553
"l" 0.448644871842018 0.552855181625914 0.566389689672715 0.53671713940428 0.537330316742081 0.503722360087411 0.549946969399379 0.524523427408306 0.597672223969802 0.513666529189007 0.581061692969871 0.34120323162601 0.448117086005591 0.498584526978493 0.486036741082461 0.434153400868307 0.601090720910792 0.592200101297386 0.582415531080829 0.44894905108496 0.564723138980565 0.490469734428583 0.376042931568021 0.51436549342347
"da" 0.4743867907182 0.437831620348039 0.461251483805325 0.465628776569276 0.477234162895928 0.525945405385385 0.436029382880936 0.528437781344189 0.479710600817867 0.644895204529264 0.462697274031564 0.556906424033258 0.497451077125473 0.363375163730088 0.572534805173408 0.53407759630625 0.457784323872457 0.342852690224802 0.477879410117603 0.499965988708251 0.55005500550055 0.550283116675971 0.501390575424028 0.39312219854508
"ci" 0.540580296399809 0.482356869874958 0.583347464812617 0.518945048695528 0.56914592760181 0.496314678321419 0.518521428290843 0.375777977844757 0.664517143755898 0.532413482809044 0.505738880918221 0.301984469370147 0.378227265252426 0.312671652511936 0.420133454156026 0.399696781751775 0.374188925600096 0.553239568317295 0.436811648310622 0.309502754914632 0.418041804180418 0.482494616795598 0.430882525755024 0.345359688441473
"kristy" 0.286838524620307 0.916478052762421 0.746142106155672 0.764199900476292 0.71408371040724 0.203711248564762 0.64029540008642 0.144831095627667 0.562283737024221 0.371189681676728 0.333572453371593 0.105890658090831 0.361782601545798 0.299995774707398 0.436609275887635 0.385914134105162 0.282632060825604 0.677913273853586 0.39574388650364 0.159853071219645 0.256692335900257 0.554270675492464 0.473970778330526 0.224116393563083
"come" 0.45232228882433 0.497198619717265 0.420552823469561 0.458519940285775 0.466628959276018 0.403718656246528 0.416388419688102 0.422750225075351 0.338156653035546 0.536162873533051 0.523672883787661 0.482390775747117 0.468672915638875 0.452106308361854 0.403657632424417 0.385914134105162 0.413996258110744 0.432461916079012 0.36587642337129 0.384327596762125 0.469380271360469 0.382805646383284 0.285949312546516 0.455580865603645
"sono" 0.345677196337293 0.467515120032652 0.484992369001187 0.479846449136276 0.480769230769231 0.47038779214045 0.365321915386731 0.48929424198536 0.463982384397609 0.434929323984852 0.401721664275466 0.541218919130912 0.361782601545798 0.312671652511936 0.383062855259906 0.399696781751775 0.441861390868198 0.323372423734757 0.477879410117603 0.285694850690429 0.392372570590392 0.362867852300821 0.395628500920522 0.495995297229774
"al" 0.283161107637995 0.367333308597084 0.41716126844158 0.330560887182768 0.519654977375566 0.41853401977851 0.432101190242369 0.395349747524171 0.566215791129286 0.419931761088823 0.326398852223816 0.356890736528355 0.386449597105739 0.435205137955803 0.444847186753439 0.413479429398387 0.342343059591577 0.52986324852924 0.515213739033041 0.333310659138834 0.392372570590392 0.446606587447165 0.450468095107525 0.455580865603645
"disse" 0.283161107637995 0.144707060962487 0.247583517042564 0.462074358427525 0.240384615384615 0.511130041853402 0.361393722748164 0.532352135280072 0.432525951557093 0.236211615612463 0.258249641319943 0.529453290454153 0.345337937839171 0.561963916001183 0.42837136502183 0.303218248225484 0.318458660085188 0.370125063310866 0.481612843009147 0.646214543228352 0.685735240190686 0.394768322832762 0.528810372517529 0.521713571900948
"se" 0.555289964329055 0.460094245111499 0.390028828217738 0.415866922584773 0.385322398190045 0.35927256565058 0.381034685940999 0.399264101460054 0.346020761245675 0.476172621948933 0.412482065997131 0.439250137265668 0.481006413418846 0.47745806397093 0.403657632424417 0.310109572048791 0.334381593089447 0.346748743522811 0.347209258913571 0.442146792735188 0.315364869820315 0.366855411117314 0.321203337381018 0.507017414945992
"del" 0.25006435479719 0.463804682572075 0.4137697134136 0.437193431435274 0.364111990950226 0.370384088299567 0.502808657736575 0.411007163267703 0.452186222082416 0.404934198192794 0.398134863701578 0.360812612753941 0.271336951159349 0.405628089745215 0.366587033528297 0.361794500723589 0.314477926834123 0.412981649588966 0.436811648310622 0.363920821712809 0.37037037037037 0.446606587447165 0.611069763798034 0.374752002351385
"mary" 0.706064060603832 0.411858558124003 0.352721722909954 0.302125542048767 0.318156108597285 0.407422497129523 0.23569155831402 0.207460758601793 0.538691412393835 0.236211615612463 0.437589670014347 0.239234449760766 0.592007893438579 0.190138167068069 0.14828239558448 0.285989938667218 0.195055929302177 0.202594771496474 0.332275527347396 0.564587443031086 0.267693436010268 0.717760586968658 0.238943946100513 0.374752002351385
"anne" 0.706064060603832 0.411858558124003 0.352721722909954 0.298571123907016 0.318156108597285 0.392607133597541 0.239619750952587 0.20354640466591 0.53475935828877 0.243710397060478 0.441176470588235 0.235312573535179 0.592007893438579 0.202814044872607 0.152401351017382 0.285989938667218 0.175152263046853 0.202594771496474 0.332275527347396 0.564587443031086 0.267693436010268 0.717760586968658 0.242861059971013 0.378426041590124
"ha" 0.327290111425735 0.452673370190345 0.342547057826013 0.266581360631265 0.360576923076923 0.237045816511723 0.322111796362494 0.356206208165342 0.290972003774772 0.337445165160661 0.344332855093257 0.505922033100635 0.390560763032396 0.363375163730088 0.444847186753439 0.32044655778375 0.302535727080928 0.280515837456656 0.343475826022027 0.309502754914632 0.344701136780345 0.315017146502911 0.532727486388029 0.371077963112646
"cosa" 0.334644945390358 0.40443768320285 0.434119043581482 0.405203668159522 0.445418552036199 0.303714952405645 0.377106493302432 0.375777977844757 0.298836111984901 0.457425668328897 0.416068866571019 0.305906345595733 0.456339417858905 0.426754552752778 0.420133454156026 0.217076700434153 0.290593527327734 0.272723730860638 0.272540601082696 0.244881300591796 0.227356068940227 0.263178881888508 0.266363743194015 0.31596737453156
"claudia" 0.672967307763027 0.200363622871137 0.484992369001187 0.472737612852776 0.438348416289593 0.303714952405645 0.506736850375142 0.227032528281207 0.562283737024221 0.389936635296764 0.222381635581062 0.364734488979528 0.164446637066272 0.367600456331601 0.25949419227284 0.206739714699194 0.214959595557502 0.35454085011883 0.373343289154377 0.295898238215087 0.278694536120279 0.370842969933806 0.231109718359513 0.209420236608127
"più" 0.279483690655683 0.37104374605766 0.498558589113108 0.312788796474017 0.473699095022624 0.066669135893922 0.341752759555329 0.266176067640036 0.397137464611513 0.386187244572757 0.104017216642755 0.427484508588909 0.402894260812366 0.338023408121012 0.300683746601862 0.272207291020605 0.314477926834123 0.342852690224802 0.302408064215046 0.261886946466227 0.348368170150348 0.382805646383284 0.340788906733519 0.352707766918951
"quando" 0.305225609531865 0.374754183518237 0.288282177378328 0.291462287623516 0.282805429864253 0.292603429756658 0.318183603723927 0.340548792421811 0.30670022019503 0.363690900228713 0.466284074605452 0.400031375009805 0.386449597105739 0.316896945113449 0.366587033528297 0.310109572048791 0.330400859838382 0.296100050648693 0.291207765540414 0.326508400789062 0.271360469380271 0.271153999521493 0.270280857064515 0.293923139099126
"poi" 0.220645018938697 0.252309747319209 0.261149737154485 0.323452050899268 0.268665158371041 0.259268861809697 0.306399025808226 0.367949269972991 0.231991192198805 0.299951257920588 0.333572453371593 0.274531335791042 0.19322479855287 0.380276334136139 0.362468078095395 0.410033767486734 0.366227459097966 0.420773756184985 0.347209258913571 0.411536630161214 0.337367070040337 0.275141558337985 0.325120451251518 0.220442354324344
"anche" 0.3162578604788 0.307966309227858 0.318806172630151 0.344778559749769 0.321691176470588 0.314826475054632 0.349609144832463 0.305319606998865 0.224127083988676 0.288703085748566 0.419655667144907 0.321593850498078 0.291892780792633 0.287319896902861 0.337754345497982 0.196402728964234 0.258747661319215 0.237659251178556 0.261340302408064 0.350316305013264 0.436376971030436 0.23526597017306 0.282032198676016 0.293923139099126
"alla" 0.235354686867944 0.293124559385552 0.284890622350348 0.312788796474017 0.27927036199095 0.392607133597541 0.337824566916762 0.293576545191216 0.247719408619063 0.236211615612463 0.294117647058824 0.270609459565456 0.234336457819438 0.278869311699835 0.243018370541231 0.375577148370202 0.286612794076669 0.311684263840729 0.321075228672765 0.30270049656486 0.385038503850385 0.434643910997687 0.37212581769752 0.271878903666691
"stacey" 0.551612547346744 0.482356869874958 0.196710191622859 0.327006469041018 0.201498868778281 0.381495610948554 0.534234198845111 0.289662191255333 0.161214218307644 0.0262457350680514 0.172166427546628 0.203937563730489 0.160335471139615 0.409853382346728 0.115330752121262 0.110261181172903 0.326420126587317 0.35454085011883 0.724285980959492 0.163254200394531 0.238357169050238 0.243241087806045 0.301617768028517 0.492321257991035
"della" 0.312580443496488 0.263441059700939 0.254366627098525 0.323452050899268 0.250989819004525 0.266676543575688 0.294614447892525 0.317062668806513 0.259515570934256 0.224963443440441 0.3012912482066 0.286296964467801 0.242558789672751 0.253517556090759 0.383062855259906 0.303218248225484 0.278651327574539 0.366229010012857 0.418144483852903 0.231276783892252 0.352035203520352 0.366855411117314 0.329037565122018 0.257182746711735
"gli" 0.349354613319604 0.278282809543245 0.169577751399016 0.238146015497263 0.173218325791855 0.33334567946961 0.259260714145422 0.438407640818883 0.263447625039321 0.303700648644595 0.218794835007174 0.317671974272492 0.365893767472455 0.274644019098323 0.304802702034764 0.261870305285645 0.238843995063891 0.292203997350684 0.388277020720553 0.30270049656486 0.253025302530253 0.287104234787463 0.313369109640017 0.308619296054082
"casa" 0.375096532195786 0.341360246373047 0.21027641173478 0.319897632757518 0.219174208144796 0.366680247416571 0.278901677338257 0.391435393588288 0.22805913809374 0.404934198192794 0.208034433285509 0.301984469370147 0.172668968919586 0.152110533654456 0.280088969437351 0.310109572048791 0.222921062059631 0.155842131920365 0.268807168191152 0.282293721515543 0.392372570590392 0.223303293723582 0.270280857064515 0.249834668234257
"perché" 0.290515941602618 0.248599309858632 0.325589282686112 0.316343214615767 0.335831447963801 0.218526612096744 0.243547943591154 0.28574783731945 0.22805913809374 0.258707959956507 0.398134863701578 0.325515726723665 0.378227265252426 0.27041872649681 0.275970014004448 0.251533319550686 0.282632060825604 0.218178984688511 0.280007466865783 0.166655329569417 0.242024202420242 0.191402823191642 0.266363743194015 0.301271217576604
"me" 0.323612694443423 0.274572372082669 0.335763947770053 0.280799033198265 0.328761312217195 0.170376680617801 0.322111796362494 0.262261713704153 0.145486001887386 0.179970754752353 0.290530846484935 0.14903129657228 0.349449103765828 0.346473993324038 0.308921657467666 0.32044655778375 0.222921062059631 0.276619784158647 0.261340302408064 0.197265492143392 0.26035936927026 0.259191323072015 0.274197970935015 0.308619296054082
"ho" 0.25006435479719 0.263441059700939 0.278107512294387 0.295016705765266 0.286340497737557 0.218526612096744 0.282829869976824 0.238775590088856 0.200534759358289 0.314948820816617 0.200860832137733 0.22354694485842 0.29600394671929 0.202814044872607 0.304802702034764 0.296326924402178 0.338362326340512 0.245451357774574 0.332275527347396 0.190463233793619 0.245691235790246 0.179440146742164 0.242861059971013 0.385774120067602
"mia" 0.25006435479719 0.230047122555749 0.186535526538918 0.280799033198265 0.180288461538462 0.296307270639653 0.200337824566917 0.144831095627667 0.224127083988676 0.149975628960294 0.412482065997131 0.251000078437525 0.238447623746094 0.359149871128576 0.168877172748991 0.434153400868307 0.25476692806815 0.198698718198465 0.265073735299608 0.173457587919189 0.249358269160249 0.378818087566792 0.376042931568021 0.39679623778382
"aveva" 0.27212885669106 0.244888872398056 0.281499067322367 0.18838416151276 0.286340497737557 0.233341975628727 0.302470833169659 0.305319606998865 0.196602705253224 0.288703085748566 0.312051649928264 0.329437602949251 0.234336457819438 0.329572822917987 0.251256281407035 0.237750671904073 0.26272839457028 0.202594771496474 0.171737913011014 0.363920821712809 0.264026402640264 0.199377940824627 0.164518782561009 0.242486589756779
"molto" 0.169161181186335 0.200363622871137 0.217059521790741 0.199047415938011 0.236849547511312 0.159265157968814 0.278901677338257 0.172231573178847 0.169078326517773 0.11248172172022 0.211621233859397 0.180406306376971 0.464561749712218 0.3337981155195 0.304802702034764 0.268761629108952 0.398073325106485 0.319476370436748 0.309874929998133 0.30270049656486 0.333700036670334 0.215328176090597 0.270280857064515 0.312293335292821
"dei" 0.161806347221711 0.226336685095173 0.237408851958623 0.17772090708751 0.250989819004525 0.270380384458684 0.271045292061123 0.320977022742396 0.263447625039321 0.262457350680514 0.215208034433286 0.243156325986352 0.135668475579674 0.181687581865044 0.333635390065079 0.351457514988629 0.274670594323474 0.202594771496474 0.313608362889677 0.261886946466227 0.216354968830216 0.267166440705 0.282032198676016 0.169005804981997
"così" 0.382451366160409 0.322808059070164 0.284890622350348 0.305679960190517 0.321691176470588 0.00370384088299567 0.294614447892525 0.317062668806513 0.224127083988676 0.284953695024559 0 0.19217193505373 0.267225785232692 0.266193433895297 0.238899415108329 0.282544276755565 0.27068986107241 0.183114505006428 0.22773940638417 0.170056458744303 0.216354968830216 0.215328176090597 0.207607035136511 0.293923139099126
"fare" 0.261096605744125 0.19665318541056 0.230625741902662 0.298571123907016 0.215639140271493 0.188895885032779 0.231763365675453 0.250518651896504 0.145486001887386 0.251209178508492 0.279770444763271 0.196093811279316 0.316559776352574 0.266193433895297 0.230661504242524 0.192957067052581 0.314477926834123 0.245451357774574 0.246406570841889 0.217672267192708 0.253025302530253 0.23526597017306 0.301617768028517 0.191050040414432
"delle" 0.253741771779502 0.137286186041334 0.356113277937935 0.245254851780763 0.342901583710407 0.207415089447757 0.223906980398319 0.191803342858261 0.235923246303869 0.187469536200367 0.247489239598278 0.125500039218762 0.135668475579674 0.198588752271095 0.172996128181893 0.227413686169113 0.206998129055372 0.342852690224802 0.265073735299608 0.285694850690429 0.234690135680235 0.275141558337985 0.313369109640017 0.209420236608127
"lei" 0.268451439708749 0.289414121924975 0.274715957266407 0.319897632757518 0.27927036199095 0.166672839734805 0.184625054012649 0.168317219242964 0.117961623151935 0.101233549548198 0.261836441893831 0.329437602949251 0.226114125966124 0.384501626737652 0.181234039047697 0.20329405278754 0.294574260578799 0.210386878092492 0.123203285420945 0.292497109040201 0.33003300330033 0.243241087806045 0.144933213208508 0.205746197369388
"dawn" 0 0 0 0.515390630553778 0 0.296307270639653 0.3928192638567 0.25834735976827 0.479710600817867 0.386187244572757 0.125538020086083 0.184328182602557 0.185002466699556 0.228165800481683 0.453085097619244 0.237750671904073 0.0915568647744915 0.128569758834301 0.272540601082696 0.374124209237467 0.3997066373304 0.191402823191642 0.054839594187003 0.0955250202072158
"lo" 0.415548119001214 0.448962932729769 0.403595048329659 0.351887396033269 0.123727375565611 0.396310974480536 0.141414934988412 0.129173679884135 0.0629128656810318 0.146226238236287 0.512912482065997 0.4588595183936 0.176780134846242 0.105632315037816 0.123568662987066 0.0895872097029839 0.191075196051113 0.163634238516383 0.16800448011947 0.119039521121012 0.102676934360103 0.115639205678284 0.105762074503506 0.139613491072085
"prima" 0.176516015150958 0.211494935252866 0.2068848567068 0.245254851780763 0.21210407239819 0.192599725915775 0.243547943591154 0.215289466473559 0.208398867568418 0.198717708372389 0.304878048780488 0.243156325986352 0.164446637066272 0.135209363248405 0.25949419227284 0.182620081317621 0.151267863540464 0.198698718198465 0.175471345902557 0.153050812869873 0.135680234690136 0.20336549964112 0.199772807395511 0.128591373355867
"mio" 0.154451513257088 0.233757560016326 0.128879091063252 0.351887396033269 0.14493778280543 0.174080521500796 0.212122402482618 0.14874544956355 0.129757785467128 0.247459787784485 0.197274031563845 0.109812534316417 0.111001480019734 0.291545189504373 0.197709860779306 0.313555233960444 0.191075196051113 0.13246581213231 0.212805674817995 0.102033875246582 0.194352768610194 0.255203764255523 0.18410435191351 0.290249099860386
"signora" 0.198580517044828 0.189232310489407 0.169577751399016 0.266581360631265 0.162613122171946 0.0592614541279307 0.164984090819814 0.168317219242964 0.0550487574709028 0.123729893892243 0.132711621233859 0.270609459565456 0.0452228251932248 0.0887311446317657 0.0247137325974133 0.0930328716146372 0.322439393336253 0.0584407994701368 0.39574388650364 0.214271138017822 0.982764943160983 0.0917138527793285 0.0744251635395041 0.279226982144169
"c" 0.205935351009451 0.241178434937479 0.213667966762761 0.270135778773015 0.243919683257919 0.162968998851809 0.180696861374082 0.234861236152973 0.30670022019503 0.202467099096397 0.254662840746054 0.200015687504902 0.127446143726361 0.181687581865044 0.156520306450284 0.120598166907863 0.242824728314956 0.155842131920365 0.175471345902557 0.146248554520101 0.198019801980198 0.179440146742164 0.125347643856007 0.146961569549563
"baby" 0.327290111425735 0.166969685725947 0.464643038833305 0.220373924788512 0.413602941176471 0.0925960220748917 0.204266017205484 0.191803342858261 0.200534759358289 0.164973191856323 0.147058823529412 0.125500039218762 0.10277914816642 0.101407022436304 0.168877172748991 0.217076700434153 0.159229330042594 0.13246581213231 0.153070748553295 0.20746887966805 0.198019801980198 0.143552117393732 0.172353010302009 0.0955250202072158
"tutti" 0.139741845327842 0.148417498423064 0.132270646091233 0.142176725670008 0.13433257918552 0.325937997703619 0.161055898181247 0.211375112537676 0.157282164202579 0.187469536200367 0.272596843615495 0.172562553925798 0.172668968919586 0.240841678286221 0.275970014004448 0.244641995727379 0.147287130289399 0.253243464370593 0.209072241926451 0.173457587919189 0.154015401540154 0.171465029109179 0.285949312546516 0.139613491072085
"due" 0.239032103850256 0.192942747949983 0.271324402238426 0.167057652662259 0.27927036199095 0.303714952405645 0.15712770554268 0.191803342858261 0.216262975778547 0.179970754752353 0.16857962697274 0.172562553925798 0.135668475579674 0.101407022436304 0.193590905346404 0.2136310385225 0.143306397038334 0.241555304476565 0.149337315661751 0.156451942044759 0.139347268060139 0.223303293723582 0.17627012417251 0.172679844220736
"bene" 0.220645018938697 0.166969685725947 0.176360861454977 0.234591597355513 0.176753393665158 0.203711248564762 0.172840476096948 0.199632050730027 0.129757785467128 0.2549585692325 0.269010043041607 0.0745156482861401 0.135668475579674 0.190138167068069 0.197709860779306 0.179174419405968 0.206998129055372 0.253243464370593 0.156804181444839 0.197265492143392 0.194352768610194 0.195390382008135 0.105762074503506 0.260856785950474
"tutto" 0.216967601956386 0.241178434937479 0.240800406986603 0.18482974337101 0.261595022624434 0.185192044149783 0.188553246651216 0.168317219242964 0.173010380622837 0.247459787784485 0.218794835007174 0.14903129657228 0.185002466699556 0.223940507880171 0.135925529285773 0.165391771759355 0.187094462800048 0.194802664900456 0.153070748553295 0.146248554520101 0.128346167950128 0.195390382008135 0.129264757726507 0.194724079653171
"mentre" 0.224322435921009 0.226336685095173 0.159403086315075 0.18482974337101 0.169683257918552 0.144449794436831 0.216050595121185 0.14874544956355 0.19267065114816 0.101233549548198 0.121951219512195 0.168640677700212 0.106890314093077 0.185912874466557 0.189471949913502 0.327337881607057 0.135344930536205 0.171426345112401 0.287474332648871 0.238079042242024 0.234690135680235 0.175452587925672 0.141016099338008 0.15798368726578
"solo" 0.172838598168646 0.20778449779229 0.193318636594879 0.156394398237009 0.187358597285068 0.162968998851809 0.192481439289783 0.219203820409441 0.204466813463353 0.172471973304338 0.179340028694405 0.19217193505373 0.156224305212958 0.164786411458994 0.193590905346404 0.161946109847702 0.206998129055372 0.183114505006428 0.224005973492626 0.170056458744303 0.205353868720205 0.175452587925672 0.203689921266011 0.154309648027041
"dissi" 0.169161181186335 0.103892248896145 0.122095981007292 0.298571123907016 0.106052036199095 0.281491907107671 0.11784577915701 0.274004775511802 0.247719408619063 0.138727456788272 0.121951219512195 0.239234449760766 0.0863344844597928 0.169011704060506 0.102973885822555 0.124043828819516 0.199036662553242 0.105193439046246 0.216539107709539 0.231276783892252 0.322698936560323 0.103676529228806 0.172353010302009 0.293923139099126
"fece" 0.393483617107344 0.389595933360543 0.362896387993895 0.152839980095258 0.452488687782805 0.148153635319827 0.192481439289783 0.125259325948252 0.125825731362064 0.232462224888456 0.179340028694405 0.0941250294140717 0.0986679822397632 0.0549288038196645 0.102973885822555 0.124043828819516 0.103499064527686 0.17532239841041 0.082135523613963 0.193864362968506 0.157682434910158 0.103676529228806 0.105762074503506 0.0845029024909986
"nel" 0.183870849115581 0.18552187302883 0.172969306426997 0.149285561953508 0.166148190045249 0.170376680617801 0.208194209844051 0.183974634986495 0.184806542938031 0.172471973304338 0.172166427546628 0.207859439956075 0.189113632626213 0.147885241052943 0.214185682510915 0.186065743229274 0.163210063293659 0.163634238516383 0.209072241926451 0.180259846268961 0.201686835350202 0.199377940824627 0.172353010302009 0.139613491072085
"loro" 0.147096679292465 0.0779191866721086 0.213667966762761 0.113741380536006 0.2227092760181 0.207415089447757 0.106061201241309 0.172231573178847 0.239855300408934 0.104982940272206 0.139885222381636 0.231390697309593 0.160335471139615 0.304221067308911 0.292445835736057 0.220522362345807 0.195055929302177 0.144153972026337 0.22773940638417 0.180259846268961 0.0953428676200953 0.131589440944254 0.172353010302009 0.202072158130649
"mamma" 0.514838377523627 0.140996623501911 0.335763947770053 0.103078126110756 0.342901583710407 0.477795473906441 0.0707074674942059 0.320977022742396 0.14941805599245 0.0562408608601102 0.229555236728838 0.0352968860302769 0.197335964479526 0.0549288038196645 0.0411895543290222 0.103369857349597 0.0557302655149078 0.0857131725562006 0.0560014933731566 0.0476158084484049 0.0403373670700403 0.358880293484329 0.344706020604019 0.0771548240135205
"dopo" 0.161806347221711 0.155838373344217 0.152619976259115 0.220373924788512 0.155542986425339 0.211118930330753 0.184625054012649 0.180060281050613 0.145486001887386 0.153725019684301 0.254662840746054 0.125500039218762 0.10277914816642 0.173236996662019 0.193590905346404 0.137826476466129 0.159229330042594 0.22207503798652 0.19787194325182 0.180259846268961 0.22002200220022 0.171465029109179 0.211524149007012 0.154309648027041
"ne" 0.239032103850256 0.181811435568253 0.21027641173478 0.138622307528258 0.205033936651584 0.214822771213749 0.168912283458381 0.242689944024739 0.110097514941806 0.149975628960294 0.157819225251076 0.164718801474625 0.185002466699556 0.169011704060506 0.205947771645111 0.182620081317621 0.151267863540464 0.190906611602447 0.123203285420945 0.139446296170329 0.154015401540154 0.223303293723582 0.125347643856007 0.180027922698214
"club" 0.216967601956386 0.100181811435568 0.264541292182466 0.231037179213763 0.236849547511312 0.0814844994259047 0.200337824566917 0.133088033820018 0.153350110097515 0.198717708372389 0.190100430416069 0.188250058828143 0.172668968919586 0.156335826255968 0.160639261883186 0.20329405278754 0.155248596791529 0.116881598940274 0.141870449878663 0.159853071219645 0.161349468280161 0.167477470292687 0.266363743194015 0.113895216400911
"questo" 0.169161181186335 0.159548810804794 0.193318636594879 0.110186962394256 0.197963800904977 0.122226749138857 0.149271320265546 0.129173679884135 0.14941805599245 0.18372014547636 0.208034433285509 0.141187544121108 0.201447130406183 0.190138167068069 0.168877172748991 0.199848390875887 0.195055929302177 0.151946078622356 0.294941198431958 0.136045166995442 0.168683535020169 0.167477470292687 0.156684554820009 0.242486589756779
"sul" 0.1581289302394 0.16325924826537 0.145836866203154 0.18838416151276 0.141402714932127 0.088892181191896 0.161055898181247 0.199632050730027 0.125825731362064 0.198717708372389 0.175753228120516 0.188250058828143 0.176780134846242 0.130984070646892 0.14828239558448 0.248087657639032 0.191075196051113 0.128569758834301 0.209072241926451 0.204067750493164 0.168683535020169 0.183427705558657 0.250695287712014 0.194724079653171
"ti" 0.154451513257088 0.20778449779229 0.2068848567068 0.216819506646762 0.219174208144796 0.170376680617801 0.200337824566917 0.125259325948252 0.129757785467128 0.168722582580331 0.111190817790531 0.125500039218762 0.29600394671929 0.122533485443867 0.115330752121262 0.179174419405968 0.155248596791529 0.202594771496474 0.0970692551801381 0.142847425345215 0.198019801980198 0.175452587925672 0.223275490618512 0.224116393563083
"avevo" 0.128709594380907 0.144707060962487 0.189927081566898 0.277244615056515 0.162613122171946 0.0740768176599133 0.168912283458381 0.105687556268838 0.0983013526266121 0.149975628960294 0.251076040172166 0.129421915444349 0.180891300772899 0.3337981155195 0.160639261883186 0.251533319550686 0.206998129055372 0.13246581213231 0.145603882770207 0.0986327460716958 0.216354968830216 0.135576999760746 0.148850327079008 0.268204864427952
"sua" 0.147096679292465 0.103892248896145 0.125487536035272 0.159948816378759 0.116657239819005 0.107411385606874 0.19640963192835 0.20354640466591 0.102233406731677 0.161223801132316 0.164992826398852 0.243156325986352 0.180891300772899 0.160561118857481 0.267732103138644 0.22396802425746 0.258747661319215 0.155842131920365 0.145603882770207 0.251683558941569 0.187018701870187 0.123614323311269 0.168435896431509 0.209420236608127
"o" 0.165483764204023 0.155838373344217 0.145836866203154 0.159948816378759 0.14493778280543 0.155561317085818 0.164984090819814 0.105687556268838 0.267379679144385 0.213715271268419 0.236728837876614 0.317671974272492 0.0986679822397632 0.177462289263531 0.25949419227284 0.134380814554476 0.199036662553242 0.151946078622356 0.108269553854769 0.149649683694987 0.143014301430143 0.123614323311269 0.172353010302009 0.154309648027041
"no" 0.227999852903321 0.204074060331713 0.2068848567068 0.213265088505012 0.21210407239819 0.259268861809697 0.137486742349845 0.168317219242964 0.133689839572193 0.153725019684301 0.100430416068867 0.129421915444349 0.152113139286302 0.0887311446317657 0.160639261883186 0.127489490731169 0.163210063293659 0.140257918728328 0.149337315661751 0.193864362968506 0.227356068940227 0.131589440944254 0.137098985467508 0.209420236608127
"erano" 0.132387011363218 0.0890504990538385 0.125487536035272 0.17772090708751 0.130797511312217 0.174080521500796 0.172840476096948 0.195717696794144 0.188738597043095 0.11248172172022 0.186513629842181 0.203937563730489 0.123334977799704 0.232391093083196 0.160639261883186 0.144717800289436 0.191075196051113 0.187010558304438 0.13813701698712 0.22447452554248 0.139347268060139 0.247228646622538 0.152767440949508 0.205746197369388
"sitter" 0.319935277461111 0.16325924826537 0.396811938273698 0.195492997796261 0.34643665158371 0.0814844994259047 0.180696861374082 0.168317219242964 0.176942434727902 0.149975628960294 0.139885222381636 0.098046905639658 0.0781121526064792 0.0929564372332784 0.144163440151578 0.158500447936049 0.135344930536205 0.120777652238283 0.134403584095576 0.166655329569417 0.157682434910158 0.119626764494776 0.152767440949508 0.0734807847747814
"noi" 0.205935351009451 0.148417498423064 0.223842631846702 0.113741380536006 0.219174208144796 0.225934293862736 0.271045292061123 0.17614592711473 0.196602705253224 0.134978066064265 0.161406025824964 0.156875049023453 0.139779641506331 0.135209363248405 0.189471949913502 0.168837433671008 0.135344930536205 0.159738185218374 0.123203285420945 0.187062104618733 0.132013201320132 0.151527235026717 0.125347643856007 0.0845029024909986
"suo" 0.165483764204023 0.129865311120181 0.122095981007292 0.113741380536006 0.130797511312217 0.140745953553835 0.149271320265546 0.144831095627667 0.0707769738911607 0.104982940272206 0.157819225251076 0.180406306376971 0.201447130406183 0.156335826255968 0.172996128181893 0.186065743229274 0.282632060825604 0.202594771496474 0.16800448011947 0.272090333990885 0.194352768610194 0.131589440944254 0.152767440949508 0.209420236608127
"bambini" 0.161806347221711 0.0704983117509554 0.118704425979312 0.0604251084097533 0.109587104072398 0.296307270639653 0.0824920454099069 0.101773202332955 0.314564328405159 0.0974841588241911 0.269010043041607 0.270609459565456 0.0863344844597928 0.0380276334136139 0.156520306450284 0.196402728964234 0.163210063293659 0.202594771496474 0.328542094455852 0.0952316168968097 0.113678034470114 0.20336549964112 0.250695287712014 0.110221177162172
"fatto" 0.132387011363218 0.21891581017402 0.159403086315075 0.152839980095258 0.173218325791855 0.125930590021853 0.172840476096948 0.168317219242964 0.125825731362064 0.138727456788272 0.197274031563845 0.164718801474625 0.189113632626213 0.232391093083196 0.218304637943817 0.130935152642823 0.143306397038334 0.128569758834301 0.190405077468733 0.149649683694987 0.157682434910158 0.103676529228806 0.144933213208508 0.176353883459475
"ero" 0.121354760416284 0.166969685725947 0.179752416482957 0.18838416151276 0.176753393665158 0.0703729767769177 0.219978787759752 0.0939444944611892 0.141553947782321 0.18372014547636 0.139885222381636 0.109812534316417 0.197335964479526 0.278869311699835 0.181234039047697 0.179174419405968 0.167190796544724 0.128569758834301 0.115736419637857 0.0850282293721516 0.231023102310231 0.147539676210224 0.152767440949508 0.150635608788302
"essere" 0.132387011363218 0.144707060962487 0.145836866203154 0.159948816378759 0.166148190045249 0.114819067372866 0.19640963192835 0.125259325948252 0.153350110097515 0.198717708372389 0.139885222381636 0.14903129657228 0.176780134846242 0.173236996662019 0.131806573852871 0.0964785335262904 0.167190796544724 0.140257918728328 0.201605376143364 0.139446296170329 0.194352768610194 0.111651646861791 0.144933213208508 0.216768315085605
"proprio" 0.29419335858493 0.248599309858632 0.179752416482957 0.142176725670008 0.205033936651584 0.088892181191896 0.137486742349845 0.140916741691784 0.129757785467128 0.168722582580331 0.179340028694405 0.113734410542003 0.201447130406183 0.152110533654456 0.152401351017382 0.127489490731169 0.12340273078301 0.128569758834301 0.0784020907224193 0.156451942044759 0.113678034470114 0.135576999760746 0.0940107328920052 0.110221177162172
"ancora" 0.121354760416284 0.140996623501911 0.122095981007292 0.209710670363262 0.130797511312217 0.174080521500796 0.129630357072711 0.180060281050613 0.0707769738911607 0.179970754752353 0.121951219512195 0.145109420346694 0.168557802992929 0.194363459669582 0.14828239558448 0.165391771759355 0.103499064527686 0.155842131920365 0.100802688071682 0.180259846268961 0.168683535020169 0.135576999760746 0.160601668690509 0.146961569549563
"po" 0.132387011363218 0.115023561277875 0.139053756147193 0.0995237079690055 0.148472850678733 0.114819067372866 0.19640963192835 0.137002387755901 0.153350110097515 0.108732330996213 0.1506456241033 0.168640677700212 0.254892287452722 0.194363459669582 0.107092841255458 0.0964785335262904 0.127383464034075 0.194802664900456 0.115736419637857 0.139446296170329 0.198019801980198 0.179440146742164 0.101844960633006 0.150635608788302
"alle" 0.169161181186335 0.129865311120181 0.152619976259115 0.259472524347764 0.148472850678733 0.166672839734805 0.227835173036886 0.133088033820018 0.133689839572193 0.213715271268419 0.147058823529412 0.137265667895521 0.106890314093077 0.122533485443867 0.0741411977922399 0.130935152642823 0.13136419728514 0.163634238516383 0.145603882770207 0.0680225834977212 0.11001100110011 0.107664088045299 0.125347643856007 0.121243294878389
"quel" 0.13606442834553 0.152127935883641 0.135662201119213 0.0853060354020047 0.159078054298643 0.114819067372866 0.0824920454099069 0.101773202332955 0.102233406731677 0.123729893892243 0.182926829268293 0.109812534316417 0.160335471139615 0.211264630075633 0.135925529285773 0.165391771759355 0.195055929302177 0.163634238516383 0.134403584095576 0.22447452554248 0.124679134580125 0.139564558577239 0.0783422774100043 0.143287530310824
"tutte" 0.161806347221711 0.129865311120181 0.162794641343056 0.142176725670008 0.14493778280543 0.100003703840883 0.180696861374082 0.105687556268838 0.102233406731677 0.164973191856323 0.125538020086083 0.129421915444349 0.127446143726361 0.173236996662019 0.0494274651948266 0.130935152642823 0.111460531029816 0.190906611602447 0.13813701698712 0.122440650295898 0.128346167950128 0.167477470292687 0.156684554820009 0.110221177162172
"ora" 0.11399992645166 0.103892248896145 0.115312870951331 0.18482974337101 0.0954468325791855 0.188895885032779 0.141414934988412 0.105687556268838 0.224127083988676 0.116231112444228 0.0824964131994261 0.184328182602557 0.10277914816642 0.101407022436304 0.0988549303896532 0.141272138377782 0.0995183312766212 0.140257918728328 0.16800448011947 0.102033875246582 0.146681334800147 0.151527235026717 0.152767440949508 0.172679844220736
"tu" 0.239032103850256 0.222626247634596 0.162794641343056 0.17772090708751 0.159078054298643 0.100003703840883 0.223906980398319 0.125259325948252 0.129757785467128 0.0899853773761764 0.107604017216643 0.11765628676759 0.180891300772899 0.109857607639329 0.14828239558448 0.0861415477913307 0.115441264280881 0.109089492344255 0.13813701698712 0.0918304877219237 0.102676934360103 0.0837387351463434 0.0783422774100043 0.132265412594607
"jessi" 0 0 0 0 0 0 0 0 0.0157282164202579 0.221214052716434 0.0824964131994261 0.231390697309593 0.156224305212958 0.198588752271095 0.0823791086580443 0.516849286747984 0.218940328808567 0.140257918728328 0.212805674817995 0.234677913067138 0.165016501650165 0.215328176090597 0.497473461553527 0.051436549342347
"nella" 0.0845805905931674 0.0964713739749917 0.0813973206715279 0.120850216819507 0.0813065610859729 0.0851883403089003 0.133558549711278 0.168317219242964 0.106165460836741 0.161223801132316 0.0968436154949785 0.160796925249039 0.131557309653018 0.130984070646892 0.218304637943817 0.210185376610847 0.13932566378727 0.0896092258542097 0.126936718312488 0.139446296170329 0.212687935460213 0.179440146742164 0.133181871597007 0.135939451833346
"d" 0.161806347221711 0.204074060331713 0.189927081566898 0.138622307528258 0.190893665158371 0.155561317085818 0.15712770554268 0.164402865307081 0.14941805599245 0.0974841588241911 0.139885222381636 0.0823594007373127 0.0986679822397632 0.0676046816242025 0.0700222423593377 0.161946109847702 0.0835953982723618 0.0857131725562006 0.082135523613963 0.159853071219645 0.143014301430143 0.143552117393732 0.101844960633006 0.11756925563965
"all" 0.128709594380907 0.170680123186524 0.172969306426997 0.167057652662259 0.14493778280543 0.148153635319827 0.125702164434144 0.0939444944611892 0.204466813463353 0.108732330996213 0.143472022955524 0.14903129657228 0.111001480019734 0.105632315037816 0.094735974956751 0.0964785335262904 0.13136419728514 0.128569758834301 0.13813701698712 0.153050812869873 0.0953428676200953 0.115639205678284 0.113596302244506 0.113895216400911
"già" 0.13606442834553 0.137286186041334 0.139053756147193 0.131513471244757 0.155542986425339 0.181488203266788 0.204266017205484 0.133088033820018 0.0865051903114187 0.153725019684301 0.143472022955524 0.168640677700212 0.119223811873047 0.122533485443867 0.140044484718675 0.103369857349597 0.13136419728514 0.0896092258542097 0.0784020907224193 0.0782259710223794 0.077007700770077 0.127601882127761 0.121430529985507 0.143287530310824
"mai" 0.13606442834553 0.159548810804794 0.0780057656435476 0.106632544252506 0.109587104072398 0.100003703840883 0.145343127626979 0.172231573178847 0.125825731362064 0.161223801132316 0.186513629842181 0.145109420346694 0.21789179411281 0.190138167068069 0.11121179668836 0.0861415477913307 0.13136419728514 0.120777652238283 0.0784020907224193 0.146248554520101 0.0733406674000733 0.0877262939628359 0.109679188374006 0.132265412594607
"ad" 0.0919354245577906 0.0704983117509554 0.0610479905036459 0.0710883628350039 0.0742364253393665 0.114819067372866 0.129630357072711 0.129173679884135 0.11402956904687 0.206216489820404 0.204447632711621 0.19217193505373 0.061667488899852 0.169011704060506 0.11121179668836 0.10681551926125 0.119421997531945 0.194802664900456 0.134403584095576 0.197265492143392 0.168683535020169 0.171465029109179 0.0626738219280034 0.121243294878389
"uno" 0.110322509469349 0.0853400615932619 0.159403086315075 0.124404634961257 0.162613122171946 0.162968998851809 0.164984090819814 0.125259325948252 0.165146272412708 0.142476847512279 0.0860832137733142 0.137265667895521 0.082223318533136 0.0971817298347911 0.102973885822555 0.124043828819516 0.13136419728514 0.112985545642264 0.119469852529401 0.166655329569417 0.0806747341400807 0.163489911476194 0.0940107328920052 0.113895216400911
"stava" 0.0809031736108557 0.107602686356721 0.0576564354756656 0.103078126110756 0.0600961538461538 0.13704211267084 0.125702164434144 0.160488511371198 0.110097514941806 0.179970754752353 0.204447632711621 0.145109420346694 0.172668968919586 0.177462289263531 0.164758217316089 0.144717800289436 0.159229330042594 0.155842131920365 0.0522680604816128 0.156451942044759 0.102676934360103 0.135576999760746 0.0626738219280034 0.0771548240135205
"lui" 0.154451513257088 0.189232310489407 0.135662201119213 0.106632544252506 0.14493778280543 0.0851883403089003 0.204266017205484 0.117430618076486 0.0668449197860963 0.074987814480147 0.0251076040172166 0.121578162993176 0.29600394671929 0.101407022436304 0.325397479199275 0.0654675763214113 0.0238843995063891 0.0935052791522188 0.0373343289154377 0.0850282293721516 0.135680234690136 0.107664088045299 0.0352540248345019 0.297597178337865
"rispose" 0.11399992645166 0.0964713739749917 0.118704425979312 0.18127532522926 0.106052036199095 0.233341975628727 0.102133008602742 0.262261713704153 0.102233406731677 0.0899853773761764 0.0466284074605452 0.098046905639658 0.11511264594639 0.0845058520302531 0.11121179668836 0.0723589001447178 0.179132996297918 0.155842131920365 0.0858689565055068 0.166655329569417 0.132013201320132 0.107664088045299 0.133181871597007 0.102873098684694
"su" 0.1581289302394 0.107602686356721 0.132270646091233 0.0710883628350039 0.130797511312217 0.100003703840883 0.113917586518443 0.137002387755901 0.169078326517773 0.0787372052041543 0.114777618364419 0.109812534316417 0.197335964479526 0.101407022436304 0.140044484718675 0.124043828819516 0.147287130289399 0.136361865430319 0.108269553854769 0.0850282293721516 0.154015401540154 0.119626764494776 0.156684554820009 0.113895216400911
"dire" 0.139741845327842 0.129865311120181 0.115312870951331 0.131513471244757 0.106052036199095 0.088892181191896 0.137486742349845 0.164402865307081 0.125825731362064 0.11248172172022 0.197274031563845 0.172562553925798 0.143890807432988 0.101407022436304 0.144163440151578 0.0723589001447178 0.147287130289399 0.116881598940274 0.100802688071682 0.105435004421468 0.066006600660066 0.119626764494776 0.109679188374006 0.11756925563965
"quello" 0.169161181186335 0.133575748580758 0.166186196371036 0.167057652662259 0.183823529411765 0.100003703840883 0.106061201241309 0.133088033820018 0.110097514941806 0.161223801132316 0.16857962697274 0.121578162993176 0.123334977799704 0.139434655849918 0.127687618419969 0.075804562056371 0.135344930536205 0.0896092258542097 0.0784020907224193 0.102033875246582 0.077007700770077 0.0717760586968658 0.0665909357985037 0.0808288632522595
"sei" 0.1581289302394 0.115023561277875 0.118704425979312 0.216819506646762 0.109587104072398 0.118522908255861 0.219978787759752 0.144831095627667 0.0983013526266121 0.142476847512279 0.078909612625538 0.0823594007373127 0.131557309653018 0.0507035112181519 0.102973885822555 0.0723589001447178 0.143306397038334 0.136361865430319 0.0896023893970506 0.0476158084484049 0.143014301430143 0.171465029109179 0.0940107328920052 0.106547137923433
"logan" 0 0 0 0 0 0 0.734572023412028 0.00782870787176576 0.0275243787354514 0.536162873533051 0.0286944045911047 0.0392187622558632 0.0945568163131064 0.0253517556090759 0.951478705000412 0.0137826476466129 0.0159229330042594 0.0155842131920365 0.0298674631323502 0.0714237126726073 0.187018701870187 0.0877262939628359 0.054839594187003 0.0661327062973033
"chiese" 0.058838671716986 0.107602686356721 0.139053756147193 0.135067889386507 0.0954468325791855 0.188895885032779 0.0628510822170719 0.242689944024739 0.137621893677257 0.116231112444228 0.078909612625538 0.121578162993176 0.0863344844597928 0.118308192842354 0.0988549303896532 0.0999241954379436 0.147287130289399 0.140257918728328 0.145603882770207 0.166655329569417 0.135680234690136 0.0638009410638807 0.0861765051510047 0.0808288632522595
"sempre" 0.132387011363218 0.115023561277875 0.135662201119213 0.110186962394256 0.14493778280543 0.0703729767769177 0.121773971795577 0.125259325948252 0.106165460836741 0.119980503168235 0.200860832137733 0.0862812769628991 0.139779641506331 0.156335826255968 0.119449707554164 0.130935152642823 0.119421997531945 0.105193439046246 0.0746686578308755 0.0986327460716958 0.117345067840117 0.0757636175133583 0.109679188374006 0.106547137923433
"volta" 0.161806347221711 0.204074060331713 0.156011531287095 0.142176725670008 0.159078054298643 0.0703729767769177 0.145343127626979 0.0900301405253063 0.0983013526266121 0.11248172172022 0.136298421807747 0.184328182602557 0.119223811873047 0.118308192842354 0.115330752121262 0.110261181172903 0.0597109987659727 0.0740250126621732 0.0746686578308755 0.11223726277124 0.077007700770077 0.119626764494776 0.0979278467625054 0.0661327062973033
"tempo" 0.0661935056816092 0.0890504990538385 0.0746142106155672 0.0995237079690055 0.0919117647058824 0.114819067372866 0.113917586518443 0.109601910204721 0.125825731362064 0.104982940272206 0.139885222381636 0.0745156482861401 0.119223811873047 0.173236996662019 0.164758217316089 0.161946109847702 0.119421997531945 0.109089492344255 0.0933358222885944 0.119039521121012 0.172350568390172 0.127601882127761 0.125347643856007 0.102873098684694
"scuola" 0.128709594380907 0.122444436199028 0.21027641173478 0.0995237079690055 0.201498868778281 0.0740768176599133 0.153199512904113 0.0626296629741261 0.0235923246303869 0.0487420794120955 0.107604017216643 0.215703192407248 0.082223318533136 0.101407022436304 0.177115083614795 0.0516849286747984 0.0796146650212969 0.0935052791522188 0.182938211685645 0.0816271001972655 0.0256692335900257 0.0797511763298509 0.152767440949508 0.110221177162172
"momento" 0.121354760416284 0.111313123817298 0.128879091063252 0.106632544252506 0.13433257918552 0.077780658542909 0.0864202380484739 0.0587153090382432 0.0629128656810318 0.0599902515841176 0.129124820659971 0.0902031531884854 0.135668475579674 0.156335826255968 0.115330752121262 0.158500447936049 0.107479797778751 0.120777652238283 0.112002986746313 0.142847425345215 0.121012101210121 0.0877262939628359 0.090093619021505 0.128591373355867
"hai" 0.13606442834553 0.204074060331713 0.0949635407834492 0.156394398237009 0.0989819004524887 0.0851883403089003 0.125702164434144 0.101773202332955 0.0786410821012897 0.104982940272206 0.0466284074605452 0.0862812769628991 0.143890807432988 0.181687581865044 0.0782601532251421 0.075804562056371 0.111460531029816 0.124673705536292 0.112002986746313 0.108836133596354 0.0953428676200953 0.0917138527793285 0.0940107328920052 0.124917334117128
"quella" 0.102967675504725 0.122444436199028 0.135662201119213 0.127959053103007 0.141402714932127 0.13704211267084 0.109989393879876 0.168317219242964 0.0786410821012897 0.11248172172022 0.139885222381636 0.0784375245117264 0.10277914816642 0.139434655849918 0.119449707554164 0.10681551926125 0.0875761315234266 0.0818171192581914 0.100802688071682 0.102033875246582 0.0696736340300697 0.107664088045299 0.0822593912805045 0.0918509809684767
"so" 0.117677343433972 0.0964713739749917 0.118704425979312 0.138622307528258 0.109587104072398 0.0592614541279307 0.141414934988412 0.109601910204721 0.0786410821012897 0.11248172172022 0.078909612625538 0.109812534316417 0.131557309653018 0.122533485443867 0.123568662987066 0.075804562056371 0.167190796544724 0.109089492344255 0.0896023893970506 0.0816271001972655 0.088008800880088 0.151527235026717 0.129264757726507 0.128591373355867
"porta" 0.169161181186335 0.222626247634596 0.0813973206715279 0.124404634961257 0.0777714932126697 0.0481499314789437 0.11784577915701 0.101773202332955 0.0983013526266121 0.0974841588241911 0.118364418938307 0.0862812769628991 0.0493339911198816 0.0633793890226898 0.094735974956751 0.186065743229274 0.107479797778751 0.0818171192581914 0.0522680604816128 0.125841779470784 0.238357169050238 0.0638009410638807 0.137098985467508 0.0734807847747814
"qui" 0.125032177398595 0.0667878742903788 0.115312870951331 0.0924148716855051 0.123727375565611 0.129634430904848 0.0628510822170719 0.121344972012369 0.157282164202579 0.172471973304338 0.147058823529412 0.14903129657228 0.0657786548265088 0.0676046816242025 0.0864980640909465 0.0930328716146372 0.119421997531945 0.116881598940274 0.112002986746313 0.122440650295898 0.106343967730106 0.0996889704123136 0.090093619021505 0.0845029024909986
"be" 0.143419262310153 0.126154873659604 0.111921315923351 0.0426530177010023 0.106052036199095 0.033334567946961 0.133558549711278 0.0704583708458919 0.161214218307644 0.0674890330321323 0.0681492109038737 0.196093811279316 0.127446143726361 0.0591540964211772 0.115330752121262 0.0310109572048791 0.13932566378727 0.136361865430319 0.082135523613963 0.0952316168968097 0.17968463513018 0.227290852540075 0.090093619021505 0.110221177162172
"qualcosa" 0.106645092487037 0.103892248896145 0.10174665083941 0.0959692898272553 0.102516968325792 0.088892181191896 0.125702164434144 0.0939444944611892 0.11402956904687 0.157474410408309 0.1506456241033 0.145109420346694 0.106890314093077 0.0929564372332784 0.102973885822555 0.0689132382330646 0.163210063293659 0.112985545642264 0.0746686578308755 0.102033875246582 0.099009900990099 0.127601882127761 0.117513416115006 0.0771548240135205
"oh" 0.161806347221711 0.126154873659604 0.0881804307274886 0.110186962394256 0.0954468325791855 0.118522908255861 0.141414934988412 0.164402865307081 0.165146272412708 0.108732330996213 0.0860832137733142 0.141187544121108 0.11511264594639 0.0887311446317657 0.0864980640909465 0.0826958858796775 0.127383464034075 0.0818171192581914 0.0709352249393317 0.0748248418474934 0.099009900990099 0.119626764494776 0.0705080496690039 0.0808288632522595
"mano" 0.0809031736108557 0.0593669993692256 0.0813973206715279 0.0853060354020047 0.0600961538461538 0.107411385606874 0.133558549711278 0.113516264140604 0.0511167033658383 0.119980503168235 0.100430416068867 0.105890658090831 0.143890807432988 0.109857607639329 0.0659032869264355 0.161946109847702 0.0875761315234266 0.101297385748237 0.171737913011014 0.12924290864567 0.154015401540154 0.0917138527793285 0.164518782561009 0.0955250202072158
"dal" 0.102967675504725 0.0927609365144151 0.0915719857554689 0.113741380536006 0.0919117647058824 0.159265157968814 0.133558549711278 0.109601910204721 0.0904372444164832 0.0937347681001837 0.0932568149210904 0.113734410542003 0.106890314093077 0.12675877804538 0.131806573852871 0.134380814554476 0.107479797778751 0.0779210659601823 0.108269553854769 0.0816271001972655 0.077007700770077 0.0797511763298509 0.156684554820009 0.102873098684694
"fuori" 0.13606442834553 0.129865311120181 0.115312870951331 0.156394398237009 0.123727375565611 0.107411385606874 0.102133008602742 0.113516264140604 0.110097514941806 0.243710397060478 0.0860832137733142 0.101968781865244 0.082223318533136 0.0887311446317657 0.0906170195238487 0.124043828819516 0.0955375980255563 0.0857131725562006 0.0522680604816128 0.0918304877219237 0.0733406674000733 0.111651646861791 0.0509224803165028 0.0661327062973033
"abbiamo" 0.058838671716986 0.074208749211532 0.132270646091233 0.0781971991185043 0.106052036199095 0.0925960220748917 0.0903484306870409 0.125259325948252 0.14941805599245 0.116231112444228 0.0573888091822095 0.129421915444349 0.10277914816642 0.0845058520302531 0.131806573852871 0.0826958858796775 0.0557302655149078 0.0974013324502279 0.171737913011014 0.0748248418474934 0.113678034470114 0.103676529228806 0.231109718359513 0.0881769417297377
"detto" 0.139741845327842 0.0964713739749917 0.162794641343056 0.103078126110756 0.166148190045249 0.0851883403089003 0.0942766233256079 0.140916741691784 0.0668449197860963 0.0787372052041543 0.118364418938307 0.11765628676759 0.11511264594639 0.114082900240842 0.131806573852871 0.0689132382330646 0.107479797778751 0.066232906066155 0.0709352249393317 0.0646214543228352 0.066006600660066 0.0917138527793285 0.148850327079008 0.0771548240135205
"dalla" 0.121354760416284 0.126154873659604 0.10174665083941 0.0924148716855051 0.0813065610859729 0.129634430904848 0.102133008602742 0.144831095627667 0.102233406731677 0.0824865959281617 0.100430416068867 0.0627500196093811 0.10277914816642 0.0718299742257151 0.0823791086580443 0.127489490731169 0.115441264280881 0.0935052791522188 0.0896023893970506 0.0884293585470376 0.113678034470114 0.123614323311269 0.109679188374006 0.11756925563965
"forse" 0.0514838377523627 0.0519461244480724 0.0508733254197049 0.0853060354020047 0.0671662895927602 0.066669135893922 0.0824920454099069 0.0626296629741261 0.0943692985215477 0.149975628960294 0.147058823529412 0.137265667895521 0.143890807432988 0.139434655849918 0.160639261883186 0.0861415477913307 0.0995183312766212 0.144153972026337 0.0634683591562442 0.132644037820556 0.135680234690136 0.0797511763298509 0.0979278467625054 0.150635608788302
"altro" 0.106645092487037 0.137286186041334 0.125487536035272 0.103078126110756 0.127262443438914 0.055557613244935 0.0982048159641749 0.0939444944611892 0.110097514941806 0.146226238236287 0.107604017216643 0.101968781865244 0.127446143726361 0.122533485443867 0.102973885822555 0.0620219144097581 0.0955375980255563 0.0935052791522188 0.100802688071682 0.0646214543228352 0.0916758342500917 0.0996889704123136 0.0783422774100043 0.102873098684694
"davvero" 0.161806347221711 0.111313123817298 0.132270646091233 0.0853060354020047 0.116657239819005 0.077780658542909 0.149271320265546 0.129173679884135 0.11402956904687 0.134978066064265 0.111190817790531 0.109812534316417 0.135668475579674 0.0760552668272278 0.0411895543290222 0.0895872097029839 0.111460531029816 0.0779210659601823 0.0634683591562442 0.0646214543228352 0.0806747341400807 0.0917138527793285 0.0940107328920052 0.0808288632522595
"cui" 0.0772257566285441 0.0779191866721086 0.0813973206715279 0.0639795265515035 0.084841628959276 0.0851883403089003 0.0864202380484739 0.0587153090382432 0.165146272412708 0.0599902515841176 0.100430416068867 0.137265667895521 0.135668475579674 0.169011704060506 0.115330752121262 0.120598166907863 0.12340273078301 0.0779210659601823 0.082135523613963 0.108836133596354 0.102676934360103 0.103676529228806 0.0940107328920052 0.139613491072085
"cose" 0.0956128415401022 0.0890504990538385 0.115312870951331 0.110186962394256 0.106052036199095 0.0925960220748917 0.0903484306870409 0.0743727247817748 0.106165460836741 0.134978066064265 0.136298421807747 0.137265667895521 0.0986679822397632 0.0802805594287404 0.0659032869264355 0.075804562056371 0.107479797778751 0.0428565862781003 0.123203285420945 0.102033875246582 0.117345067840117 0.0837387351463434 0.105762074503506 0.106547137923433
"occhi" 0.106645092487037 0.103892248896145 0.0678311005596066 0.0995237079690055 0.0742364253393665 0.0740768176599133 0.0510665043013709 0.105687556268838 0.0943692985215477 0.0787372052041543 0.0430416068866571 0.0823594007373127 0.143890807432988 0.122533485443867 0.0906170195238487 0.113706843084557 0.12340273078301 0.0857131725562006 0.0858689565055068 0.163254200394531 0.099009900990099 0.139564558577239 0.117513416115006 0.132265412594607
"allora" 0.161806347221711 0.148417498423064 0.176360861454977 0.142176725670008 0.180288461538462 0.088892181191896 0.0824920454099069 0.0782870787176577 0.0629128656810318 0.116231112444228 0.0430416068866571 0.0941250294140717 0.0986679822397632 0.0971817298347911 0.0782601532251421 0.0551305905864517 0.0995183312766212 0.112985545642264 0.0597349262647004 0.0748248418474934 0.077007700770077 0.0877262939628359 0.0470053664460026 0.0734807847747814
"sarebbe" 0.0809031736108557 0.111313123817298 0.0712226555875869 0.0853060354020047 0.0742364253393665 0.114819067372866 0.102133008602742 0.0822014326535405 0.117961623151935 0.0899853773761764 0.154232424677188 0.098046905639658 0.0945568163131064 0.156335826255968 0.11121179668836 0.0516849286747984 0.0915568647744915 0.112985545642264 0.0485346275900691 0.0578191959730631 0.113678034470114 0.107664088045299 0.090093619021505 0.128591373355867
"andare" 0.088258007575479 0.0667878742903788 0.0983550958114295 0.131513471244757 0.109587104072398 0.0814844994259047 0.0824920454099069 0.0782870787176577 0.145486001887386 0.116231112444228 0.125538020086083 0.129421915444349 0.0740009866798224 0.0845058520302531 0.127687618419969 0.0964785335262904 0.0796146650212969 0.0506486928741185 0.0485346275900691 0.0646214543228352 0.106343967730106 0.127601882127761 0.0940107328920052 0.0918509809684767
"stata" 0.0992902585224139 0.0704983117509554 0.0780057656435476 0.103078126110756 0.0707013574660633 0.055557613244935 0.113917586518443 0.0743727247817748 0.141553947782321 0.101233549548198 0.136298421807747 0.0941250294140717 0.061667488899852 0.177462289263531 0.0782601532251421 0.0895872097029839 0.0995183312766212 0.0740250126621732 0.134403584095576 0.0646214543228352 0.099009900990099 0.0677884998803732 0.113596302244506 0.110221177162172
"idea" 0.0956128415401022 0.0630774368298022 0.0746142106155672 0.0639795265515035 0.0742364253393665 0.088892181191896 0.0942766233256079 0.0352291854229459 0.0943692985215477 0.0899853773761764 0.0681492109038737 0.0274531335791042 0.0781121526064792 0.130984070646892 0.094735974956751 0.0895872097029839 0.111460531029816 0.17532239841041 0.171737913011014 0.0782259710223794 0.157682434910158 0.0877262939628359 0.121430529985507 0.128591373355867
"madre" 0.106645092487037 0.0222626247634596 0.0644395455316262 0.106632544252506 0.0565610859728507 0.151857476202822 0.031425541108536 0.0548009551023604 0.0786410821012897 0.0599902515841176 0.197274031563845 0.188250058828143 0.041111659266568 0.101407022436304 0.0617843314935332 0.148163462201089 0.0915568647744915 0.0740250126621732 0.0858689565055068 0.119039521121012 0.0366703337000367 0.115639205678284 0.164518782561009 0.106547137923433
"modo" 0.0661935056816092 0.0667878742903788 0.0881804307274886 0.0710883628350039 0.0989819004524887 0.0703729767769177 0.043210119024237 0.0548009551023604 0.110097514941806 0.086235986652169 0.0968436154949785 0.11765628676759 0.168557802992929 0.160561118857481 0.115330752121262 0.0826958858796775 0.115441264280881 0.163634238516383 0.123203285420945 0.0680225834977212 0.099009900990099 0.0797511763298509 0.0665909357985037 0.0808288632522595
"david" 0.27212885669106 0.0593669993692256 0.0339155502798033 0.0390985995592521 0.0318156108597285 0.411126338012519 0.0510665043013709 0.395349747524171 0.0235923246303869 0.0074987814480147 0.00358680057388809 0.11765628676759 0.0904456503864496 0.012675877804538 0.00823791086580443 0.0895872097029839 0.00796146650212969 0.0233763197880547 0.082135523613963 0.363920821712809 0.00733406674000733 0.0319004705319403 0.0509224803165028 0.0110221177162172
"michael" 0.27212885669106 0.0593669993692256 0.0339155502798033 0.0390985995592521 0.0318156108597285 0.411126338012519 0.0510665043013709 0.395349747524171 0.0235923246303869 0.0074987814480147 0.00717360114777618 0.11765628676759 0.0904456503864496 0.012675877804538 0.00823791086580443 0.0895872097029839 0.0159229330042594 0.0233763197880547 0.082135523613963 0.35371743418815 0.00733406674000733 0.0319004705319403 0.0509224803165028 0.0110221177162172
"va" 0.0919354245577906 0.0890504990538385 0.0644395455316262 0.135067889386507 0.0777714932126697 0.0814844994259047 0.0549946969399379 0.109601910204721 0.0432525951557093 0.11248172172022 0.0753228120516499 0.105890658090831 0.0904456503864496 0.0887311446317657 0.0988549303896532 0.103369857349597 0.115441264280881 0.128569758834301 0.0672017920477879 0.122440650295898 0.121012101210121 0.119626764494776 0.0430882525755024 0.0955250202072158
"karen" 0.334644945390358 0.122444436199028 0 0.017772090708751 0 0.455572428608467 0.0824920454099069 0.191803342858261 0.0117961623151935 0 0.00717360114777618 0.101968781865244 0.168557802992929 0.00422529260151266 0.0205947771645111 0.0620219144097581 0.00398073325106485 0.0272723730860638 0.0410677618069815 0.425141146860758 0 0.0279129117154478 0.0430882525755024 0.00734807847747814
"genitori" 0.0441290037877395 0.0519461244480724 0.176360861454977 0.113741380536006 0.176753393665158 0.066669135893922 0.0471383116628039 0.0391435393588288 0.110097514941806 0.0787372052041543 0.111190817790531 0.0666718958349675 0.0452228251932248 0.109857607639329 0.094735974956751 0.151609124112742 0.12340273078301 0.13246581213231 0.0746686578308755 0.0374124209237467 0.022002200220022 0.0837387351463434 0.0940107328920052 0.0991990594459549
"questa" 0.110322509469349 0.115023561277875 0.0813973206715279 0.0746427809767541 0.0813065610859729 0.0814844994259047 0.0864202380484739 0.0508866011664775 0.0943692985215477 0.0974841588241911 0.0573888091822095 0.0941250294140717 0.0986679822397632 0.122533485443867 0.0700222423593377 0.103369857349597 0.0875761315234266 0.0701289593641641 0.112002986746313 0.0748248418474934 0.106343967730106 0.0518382646144031 0.0744251635395041 0.128591373355867
"fu" 0.121354760416284 0.0630774368298022 0.0610479905036459 0.0781971991185043 0.0671662895927602 0.0703729767769177 0.0746356601327729 0.0900301405253063 0.0904372444164832 0.0824865959281617 0.16857962697274 0.0588281433837948 0.0575563229731952 0.0676046816242025 0.0782601532251421 0.0861415477913307 0.127383464034075 0.151946078622356 0.0410677618069815 0.0714237126726073 0.0806747341400807 0.139564558577239 0.125347643856007 0.0698067455360423
"miei" 0.0698709226639209 0.100181811435568 0.139053756147193 0.0390985995592521 0.148472850678733 0.100003703840883 0.03928192638567 0.0626296629741261 0.110097514941806 0.0599902515841176 0.147058823529412 0.0470625147070358 0.082223318533136 0.135209363248405 0.0205947771645111 0.199848390875887 0.0676724652681024 0.0584407994701368 0.0522680604816128 0.0510169376232909 0.0256692335900257 0.0757636175133583 0.148850327079008 0.11756925563965
"hanno" 0.058838671716986 0.0816296241326852 0.0983550958114295 0.0604251084097533 0.0989819004524887 0.0703729767769177 0.0824920454099069 0.0548009551023604 0.0589808115759673 0.0937347681001837 0.0824964131994261 0.113734410542003 0.0740009866798224 0.0464782186166392 0.0864980640909465 0.137826476466129 0.0875761315234266 0.066232906066155 0.153070748553295 0.0986327460716958 0.033003300330033 0.095701411595821 0.148850327079008 0.121243294878389
"altra" 0.0992902585224139 0.100181811435568 0.10513820586739 0.0817516172602545 0.0989819004524887 0.0703729767769177 0.0824920454099069 0.105687556268838 0.0865051903114187 0.074987814480147 0.118364418938307 0.125500039218762 0.111001480019734 0.0718299742257151 0.094735974956751 0.0792502239680243 0.0915568647744915 0.0935052791522188 0.0560014933731566 0.054418066798177 0.0586725339200587 0.0757636175133583 0.0509224803165028 0.124917334117128
"parte" 0.0735483396462325 0.0593669993692256 0.0881804307274886 0.0959692898272553 0.084841628959276 0.0925960220748917 0.106061201241309 0.101773202332955 0.106165460836741 0.11248172172022 0.100430416068867 0.101968781865244 0.0904456503864496 0.0887311446317657 0.094735974956751 0.075804562056371 0.111460531029816 0.0896092258542097 0.0709352249393317 0.0408135500986327 0.0733406674000733 0.115639205678284 0.0509224803165028 0.0845029024909986
"verso" 0.0698709226639209 0.0667878742903788 0.0542648804476853 0.127959053103007 0.0600961538461538 0.148153635319827 0.0982048159641749 0.14874544956355 0.110097514941806 0.0374939072400735 0.0502152080344333 0.0745156482861401 0.119223811873047 0.0887311446317657 0.0782601532251421 0.10681551926125 0.0835953982723618 0.124673705536292 0.0485346275900691 0.125841779470784 0.0916758342500917 0.0478507057979105 0.0783422774100043 0.0624586670585642
"ed" 0.0845805905931674 0.103892248896145 0.0474817703917246 0.0533162721262529 0.116657239819005 0.077780658542909 0.0942766233256079 0.0587153090382432 0.102233406731677 0.101233549548198 0.118364418938307 0.0784375245117264 0.119223811873047 0.0802805594287404 0.0823791086580443 0.0516849286747984 0.0756339317702321 0.13246581213231 0.0522680604816128 0.115638391946126 0.117345067840117 0.0797511763298509 0.0940107328920052 0.0624586670585642
"stanza" 0.0625160886992976 0.037104374605766 0.030523995251823 0.103078126110756 0.0282805429864253 0.0481499314789437 0.0707074674942059 0.121344972012369 0.0668449197860963 0.0562408608601102 0.0609756097560976 0.0862812769628991 0.0534451570465384 0.0887311446317657 0.201828816212209 0.186065743229274 0.115441264280881 0.0350644796820821 0.082135523613963 0.136045166995442 0.146681334800147 0.0837387351463434 0.121430529985507 0.0771548240135205
"papà" 0.128709594380907 0.0816296241326852 0.21027641173478 0.202601834079761 0.208569004524887 0.011111522648987 0.137486742349845 0.0352291854229459 0.0786410821012897 0.142476847512279 0.175753228120516 0 0.0082223318533136 0.0380276334136139 0.0535464206277288 0.0482392667631452 0.0358265992595836 0.0701289593641641 0.00746686578308755 0.00680225834977212 0.0256692335900257 0.131589440944254 0.195855693525011 0.0257182746711735
"giorno" 0.0772257566285441 0.0890504990538385 0.0949635407834492 0.0746427809767541 0.0883766968325792 0.118522908255861 0.102133008602742 0.066544016910009 0.0550487574709028 0.0674890330321323 0.114777618364419 0.0784375245117264 0.061667488899852 0.164786411458994 0.0535464206277288 0.103369857349597 0.0955375980255563 0.0896092258542097 0.0858689565055068 0.0748248418474934 0.088008800880088 0.0797511763298509 0.0665909357985037 0.0955250202072158
"padre" 0.0735483396462325 0.0408148120663426 0.0440902153637443 0.241700433639013 0.0388857466063348 0.0592614541279307 0.043210119024237 0.0430578932947117 0.0904372444164832 0.11248172172022 0.104017216642755 0.0941250294140717 0.0575563229731952 0.0591540964211772 0.107092841255458 0.11715250499621 0.115441264280881 0.0896092258542097 0.0298674631323502 0.0884293585470376 0.121012101210121 0.167477470292687 0.0665909357985037 0.0698067455360423
"fosse" 0.0661935056816092 0.0964713739749917 0.0949635407834492 0.0817516172602545 0.0919117647058824 0.066669135893922 0.113917586518443 0.0822014326535405 0.0943692985215477 0.142476847512279 0.1506456241033 0.0823594007373127 0.0863344844597928 0.0887311446317657 0.0782601532251421 0.0895872097029839 0.103499064527686 0.0857131725562006 0.0560014933731566 0.0612203251479491 0.055005500550055 0.0598133822473881 0.0235026832230013 0.11756925563965
"stato" 0.0625160886992976 0.0964713739749917 0.0576564354756656 0.0710883628350039 0.0565610859728507 0.077780658542909 0.0746356601327729 0.117430618076486 0.0747090279962252 0.11248172172022 0.0824964131994261 0.0431406384814495 0.11511264594639 0.114082900240842 0.135925529285773 0.0620219144097581 0.0915568647744915 0.0935052791522188 0.0672017920477879 0.0476158084484049 0.117345067840117 0.0638009410638807 0.0705080496690039 0.154309648027041
"tanto" 0.102967675504725 0.0816296241326852 0.0813973206715279 0.0746427809767541 0.0813065610859729 0.0518537723619393 0.0549946969399379 0.117430618076486 0.11402956904687 0.116231112444228 0.139885222381636 0.14903129657228 0.0534451570465384 0.0845058520302531 0.0700222423593377 0.0689132382330646 0.0557302655149078 0.0935052791522188 0.0485346275900691 0.0476158084484049 0.0916758342500917 0.139564558577239 0.0587567080575032 0.055110588581086
"tre" 0.0956128415401022 0.115023561277875 0.111921315923351 0.106632544252506 0.116657239819005 0.129634430904848 0.0549946969399379 0.0861157865894234 0.0629128656810318 0.0637396423081249 0.0502152080344333 0.0941250294140717 0.0863344844597928 0.177462289263531 0.0782601532251421 0.075804562056371 0.0597109987659727 0.0701289593641641 0.0448011946985253 0.0850282293721516 0.044004400440044 0.0996889704123136 0.0744251635395041 0.0367403923873907
"avrei" 0.0661935056816092 0.0964713739749917 0.0881804307274886 0.127959053103007 0.0813065610859729 0.055557613244935 0.141414934988412 0.0508866011664775 0.0629128656810318 0.101233549548198 0.0896700143472023 0.0509843909326222 0.111001480019734 0.114082900240842 0.0823791086580443 0.120598166907863 0.119421997531945 0.0506486928741185 0.0522680604816128 0.0408135500986327 0.066006600660066 0.103676529228806 0.0783422774100043 0.0624586670585642
"niente" 0.0698709226639209 0.0667878742903788 0.0678311005596066 0.0888604535437549 0.0600961538461538 0.0518537723619393 0.0667792748556389 0.0822014326535405 0.0511167033658383 0.176221364028345 0.114777618364419 0.0784375245117264 0.106890314093077 0.139434655849918 0.107092841255458 0.0654675763214113 0.0835953982723618 0.0623368527681459 0.0560014933731566 0.0782259710223794 0.0843417675100843 0.0797511763298509 0.0940107328920052 0.0845029024909986
"esclamò" 0.121354760416284 0.0927609365144151 0.10174665083941 0.0462074358427525 0.0954468325791855 0.0629652950109263 0.0549946969399379 0.0352291854229459 0.0471846492607738 0.074987814480147 0.0430416068866571 0.0627500196093811 0.041111659266568 0.0845058520302531 0.102973885822555 0.134380814554476 0.0875761315234266 0.105193439046246 0.100802688071682 0.142847425345215 0.077007700770077 0.123614323311269 0.0861765051510047 0.0587846278198251
"senza" 0.0404515868054279 0.0816296241326852 0.0915719857554689 0.156394398237009 0.0742364253393665 0.088892181191896 0.0903484306870409 0.101773202332955 0.0904372444164832 0.12747928461625 0.0753228120516499 0.0745156482861401 0.106890314093077 0.0760552668272278 0.0370705988961199 0.0861415477913307 0.0557302655149078 0.0818171192581914 0.0448011946985253 0.0986327460716958 0.0916758342500917 0.0518382646144031 0.0861765051510047 0.0698067455360423
"sembrava" 0.0698709226639209 0.0482356869874958 0.0406986603357639 0.0817516172602545 0.0600961538461538 0.0629652950109263 0.0785638527713399 0.0782870787176577 0.0786410821012897 0.108732330996213 0.107604017216643 0.0666718958349675 0.11511264594639 0.122533485443867 0.0906170195238487 0.0585762524981049 0.115441264280881 0.13246581213231 0.0746686578308755 0.0952316168968097 0.113678034470114 0.0717760586968658 0.0626738219280034 0.0587846278198251
"telefono" 0.143419262310153 0.285703684464398 0.0915719857554689 0.106632544252506 0.0954468325791855 0.0370384088299567 0.113917586518443 0.0430578932947117 0.0393205410506449 0.104982940272206 0.0896700143472023 0.0470625147070358 0.0328893274132544 0.0760552668272278 0.0823791086580443 0.0620219144097581 0.0358265992595836 0.0506486928741185 0.0709352249393317 0.0408135500986327 0.0806747341400807 0.043863146981418 0.0822593912805045 0.0845029024909986
"testa" 0.0514838377523627 0.0927609365144151 0.0440902153637443 0.0959692898272553 0.042420814479638 0.0592614541279307 0.0707074674942059 0.0939444944611892 0.0589808115759673 0.0974841588241911 0.0932568149210904 0.0666718958349675 0.0657786548265088 0.0507035112181519 0.0494274651948266 0.130935152642823 0.0796146650212969 0.13246581213231 0.082135523613963 0.12924290864567 0.106343967730106 0.0598133822473881 0.129264757726507 0.051436549342347
"mie" 0.0147096679292465 0.0148417498423064 0.0440902153637443 0.0710883628350039 0.0530260180995475 0.0814844994259047 0.0785638527713399 0.0313148314870631 0.373545139981126 0.0487420794120955 0.114777618364419 0.098046905639658 0.0657786548265088 0.101407022436304 0.123568662987066 0.134380814554476 0.0875761315234266 0.0389605329800912 0.0672017920477879 0.0408135500986327 0.044004400440044 0.0877262939628359 0.0861765051510047 0.0587846278198251
"mal" 0.0110322509469349 0.0074208749211532 0.00339155502798033 0 0.00353506787330317 0.011111522648987 0 0.00391435393588288 0.00786410821012897 0.0674890330321323 0.0932568149210904 0.290218840693388 0.0740009866798224 0.0760552668272278 0.0411895543290222 0.11715250499621 0.0437880657617133 0.389605329800912 0.149337315661751 0.0646214543228352 0.190685735240191 0.127601882127761 0.0979278467625054 0.0845029024909986
"siamo" 0.0809031736108557 0.0816296241326852 0.108529760895371 0.0995237079690055 0.106052036199095 0.0629652950109263 0.106061201241309 0.0822014326535405 0.125825731362064 0.0712384237561396 0.0717360114777618 0.0902031531884854 0.061667488899852 0.0633793890226898 0.0864980640909465 0.0654675763214113 0.0557302655149078 0.0896092258542097 0.082135523613963 0.0476158084484049 0.0953428676200953 0.0558258234308956 0.101844960633006 0.0367403923873907
"lavoro" 0.106645092487037 0.0667878742903788 0.108529760895371 0.113741380536006 0.109587104072398 0.066669135893922 0.109989393879876 0.0704583708458919 0.0589808115759673 0.0787372052041543 0.107604017216643 0.105890658090831 0.041111659266568 0.0591540964211772 0.11121179668836 0.0895872097029839 0.0636917320170375 0.066232906066155 0.0896023893970506 0.0374124209237467 0.0953428676200953 0.043863146981418 0.0470053664460026 0.055110588581086
"sulla" 0.058838671716986 0.0519461244480724 0.0678311005596066 0.113741380536006 0.063631221719457 0.0851883403089003 0.03928192638567 0.0978588483970721 0.0707769738911607 0.0937347681001837 0.0573888091822095 0.101968781865244 0.0904456503864496 0.0845058520302531 0.0535464206277288 0.134380814554476 0.0597109987659727 0.0740250126621732 0.100802688071682 0.0952316168968097 0.066006600660066 0.0717760586968658 0.0822593912805045 0.0698067455360423
"letto" 0.0551612547346744 0.0927609365144151 0.0474817703917246 0.0888604535437549 0.042420814479638 0.0518537723619393 0.0746356601327729 0.0939444944611892 0.0668449197860963 0.108732330996213 0.136298421807747 0.0274531335791042 0.0493339911198816 0.0295770482105886 0.226542548809622 0.103369857349597 0.0119421997531945 0.0350644796820821 0.0522680604816128 0.0816271001972655 0.055005500550055 0.0598133822473881 0.199772807395511 0.0881769417297377
"sí" 0 0 0 0 0.0742364253393665 0.103707544723879 0.0903484306870409 0.156574157435315 0.0353884869455804 0.0562408608601102 0.114777618364419 0.0392187622558632 0.0657786548265088 0.0549288038196645 0.107092841255458 0.075804562056371 0.0995183312766212 0.128569758834301 0.126936718312488 0.0748248418474934 0.15034836817015 0.135576999760746 0.0861765051510047 0.11756925563965
"anni" 0.106645092487037 0.055656561908649 0.10513820586739 0.110186962394256 0.102516968325792 0.103707544723879 0.0667792748556389 0.0352291854229459 0.102233406731677 0.0599902515841176 0.0753228120516499 0.180406306376971 0.111001480019734 0.0676046816242025 0.0453085097619244 0.0585762524981049 0.0716531985191672 0.0857131725562006 0.0672017920477879 0.0578191959730631 0.033003300330033 0.0717760586968658 0.0587567080575032 0.0293923139099126
"qualche" 0.088258007575479 0.0667878742903788 0.108529760895371 0.0924148716855051 0.120192307692308 0.0703729767769177 0.0707074674942059 0.0626296629741261 0.117961623151935 0.11248172172022 0.0824964131994261 0.0902031531884854 0.106890314093077 0.0718299742257151 0.057665376060631 0.0516849286747984 0.0636917320170375 0.0740250126621732 0.0448011946985253 0.0748248418474934 0.0733406674000733 0.0677884998803732 0.0352540248345019 0.051436549342347
"sia" 0.0625160886992976 0.0593669993692256 0.0746142106155672 0.0888604535437549 0.063631221719457 0.0629652950109263 0.0942766233256079 0.0978588483970721 0.0668449197860963 0.0824865959281617 0.0573888091822095 0.113734410542003 0.111001480019734 0.12675877804538 0.144163440151578 0.0516849286747984 0.0477687990127782 0.0467526395761094 0.0858689565055068 0.0646214543228352 0.0733406674000733 0.0478507057979105 0.0665909357985037 0.0881769417297377
"adesso" 0.0661935056816092 0.100181811435568 0.108529760895371 0.0817516172602545 0.102516968325792 0.0518537723619393 0.0903484306870409 0.0939444944611892 0.0235923246303869 0.138727456788272 0.1506456241033 0.0549062671582085 0.106890314093077 0.0845058520302531 0.152401351017382 0.0654675763214113 0.0716531985191672 0.0350644796820821 0.0522680604816128 0.0442146792735188 0.0366703337000367 0.0398755881649254 0.0665909357985037 0.0183701961936953
"nuovo" 0.125032177398595 0.107602686356721 0.0813973206715279 0.0675339446932537 0.0813065610859729 0.0518537723619393 0.125702164434144 0.0587153090382432 0.0668449197860963 0.101233549548198 0.104017216642755 0.109812534316417 0.0493339911198816 0.0971817298347911 0.0535464206277288 0.0826958858796775 0.0437880657617133 0.0467526395761094 0.0597349262647004 0.0748248418474934 0.0623395672900623 0.0638009410638807 0.0430882525755024 0.0624586670585642
"chi" 0.0735483396462325 0.126154873659604 0.128879091063252 0.113741380536006 0.13433257918552 0.0740768176599133 0.0707074674942059 0.0743727247817748 0.0786410821012897 0.0787372052041543 0.0645624103299857 0.0666718958349675 0.061667488899852 0.12675877804538 0.0864980640909465 0.0275652952932258 0.051749532263843 0.0623368527681459 0.0522680604816128 0.0714237126726073 0.033003300330033 0.043863146981418 0.0509224803165028 0.0661327062973033
"amiche" 0.0257419188761814 0.0037104374605766 0.0644395455316262 0.0924148716855051 0.063631221719457 0.066669135893922 0.0746356601327729 0.0469722472305946 0.416797735136835 0.0374939072400735 0.078909612625538 0.0862812769628991 0.0534451570465384 0.114082900240842 0.131806573852871 0.0275652952932258 0.0676724652681024 0.0272723730860638 0.0672017920477879 0.054418066798177 0.0513384671800513 0.0917138527793285 0.0587567080575032 0.0404144316261298
"dell" 0.029419335858493 0.0408148120663426 0.0847888756995082 0.0710883628350039 0.0919117647058824 0.0481499314789437 0.0982048159641749 0.0822014326535405 0.121893677256999 0.0562408608601102 0.039454806312769 0.0588281433837948 0.0493339911198816 0.0760552668272278 0.0823791086580443 0.0344566191165323 0.051749532263843 0.0623368527681459 0.179204778794101 0.0714237126726073 0.0696736340300697 0.167477470292687 0.0235026832230013 0.121243294878389
"però" 0.132387011363218 0.129865311120181 0.111921315923351 0.163503234520509 0.084841628959276 0.055557613244935 0.109989393879876 0.113516264140604 0.0235923246303869 0.0974841588241911 0.0932568149210904 0.0588281433837948 0.020555829633284 0.0507035112181519 0.0659032869264355 0.0379022810281855 0.0477687990127782 0.0467526395761094 0.0224005973492626 0.0782259710223794 0.0696736340300697 0.0358880293484329 0.0235026832230013 0.0991990594459549
"vi" 0.0514838377523627 0.0333939371451894 0.0712226555875869 0.0639795265515035 0.0813065610859729 0.0814844994259047 0.0549946969399379 0.144831095627667 0.106165460836741 0.0674890330321323 0.0681492109038737 0.0588281433837948 0.111001480019734 0.114082900240842 0.0494274651948266 0.0861415477913307 0.0716531985191672 0.0896092258542097 0.0784020907224193 0.0510169376232909 0.066006600660066 0.0837387351463434 0.0626738219280034 0.0477625101036079
"subito" 0.102967675504725 0.0853400615932619 0.0847888756995082 0.0604251084097533 0.0883766968325792 0.0814844994259047 0.0824920454099069 0.105687556268838 0.0589808115759673 0.11248172172022 0.0717360114777618 0.0509843909326222 0.061667488899852 0.0760552668272278 0.0453085097619244 0.0551305905864517 0.0835953982723618 0.0740250126621732 0.0560014933731566 0.0612203251479491 0.0916758342500917 0.043863146981418 0.0705080496690039 0.0624586670585642
"te" 0.0661935056816092 0.111313123817298 0.10513820586739 0.0853060354020047 0.0989819004524887 0.0592614541279307 0.0785638527713399 0.0743727247817748 0.0275243787354514 0.0562408608601102 0.0717360114777618 0.0431406384814495 0.111001480019734 0.0718299742257151 0.0535464206277288 0.0516849286747984 0.0597109987659727 0.066232906066155 0.0858689565055068 0.0374124209237467 0.044004400440044 0.0518382646144031 0.105762074503506 0.128591373355867
"certo" 0.102967675504725 0.0964713739749917 0.111921315923351 0.131513471244757 0.106052036199095 0.0703729767769177 0.0589228895785049 0.113516264140604 0.0550487574709028 0.0562408608601102 0.0322812051649928 0.0666718958349675 0.0493339911198816 0.0591540964211772 0.0741411977922399 0.0275652952932258 0.0756339317702321 0.0428565862781003 0.0448011946985253 0.0680225834977212 0.0916758342500917 0.0677884998803732 0.0274197970935015 0.0881769417297377
"ogni" 0.0735483396462325 0.074208749211532 0.0678311005596066 0.0746427809767541 0.0742364253393665 0.0629652950109263 0.0471383116628039 0.066544016910009 0.0865051903114187 0.0674890330321323 0.0968436154949785 0.098046905639658 0.0657786548265088 0.0760552668272278 0.0535464206277288 0.0689132382330646 0.0835953982723618 0.0584407994701368 0.082135523613963 0.0476158084484049 0.0623395672900623 0.0757636175133583 0.0783422774100043 0.0587846278198251
"vero" 0.0919354245577906 0.0630774368298022 0.0949635407834492 0.0710883628350039 0.0954468325791855 0.0814844994259047 0.0589228895785049 0.105687556268838 0.0668449197860963 0.101233549548198 0.136298421807747 0.0549062671582085 0.0657786548265088 0.0338023408121012 0.0494274651948266 0.0482392667631452 0.0318458660085188 0.0779210659601823 0.0672017920477879 0.0510169376232909 0.066006600660066 0.0319004705319403 0.0352540248345019 0.102873098684694
"appena" 0.0735483396462325 0.0704983117509554 0.0712226555875869 0.0746427809767541 0.0707013574660633 0.066669135893922 0.0707074674942059 0.0782870787176577 0.0629128656810318 0.0712384237561396 0.0753228120516499 0.105890658090831 0.0904456503864496 0.0760552668272278 0.0659032869264355 0.075804562056371 0.0557302655149078 0.0545447461721276 0.0373343289154377 0.0884293585470376 0.055005500550055 0.0558258234308956 0.0587567080575032 0.0845029024909986
"ciao" 0.0809031736108557 0.0779191866721086 0.0915719857554689 0.117295798677756 0.084841628959276 0.0814844994259047 0.11784577915701 0.0939444944611892 0.0786410821012897 0.074987814480147 0.0430416068866571 0.0862812769628991 0.0452228251932248 0.00845058520302531 0.0782601532251421 0.0172283095582661 0.103499064527686 0.0584407994701368 0.0373343289154377 0.054418066798177 0.0806747341400807 0.0717760586968658 0.0391711387050022 0.0624586670585642
